A:
77.990000 848.290000 88.340000 892.340000 
888.990000 388.230000 899.120000 874.450000 
987.870000 78.930000 383.830000 778.080000 
84.090000 277.020000 738.230000 98.390000 
B:
693.870000 937.600000 883.400000 88.900000 
899.830000 883.840000 12.090000 45.870000 
874.840000 892.840000 98.980000 274.870000 
652.770000 87.980000 83.230000 111.920000 
V:
738.080000
98.080000
673.930000
984.650000
c:
44.880000
AT:
77.990000 888.990000 987.870000 84.090000 
848.290000 388.230000 78.930000 277.020000 
88.340000 899.120000 383.830000 738.230000 
892.340000 874.450000 778.080000 98.390000 
A+B:
771.860000 1785.890000 971.740000 981.240000 
1788.820000 1272.070000 911.210000 920.320000 
1862.710000 971.770000 482.810000 1052.950000 
736.860000 365.000000 821.460000 210.310000 
A-B:
-615.880000 -89.310000 -795.060000 803.440000 
-10.840000 -495.610000 887.030000 828.580000 
113.030000 -813.910000 284.850000 503.210000 
-568.680000 189.040000 655.000000 -13.530000 
c*A:
3500.191200 38071.255200 3964.699200 40048.219200 
39897.871200 17423.762400 40352.505600 39245.316000 
44335.605600 3542.378400 17226.290400 34920.230400 
3773.959200 12432.657600 33131.762400 4415.743200 
A*V:
1078940.699600
2161194.471700
1761679.567900
683630.326200
A*B:
1477207.859400 980257.616400 162165.543500 169997.081900 
2323585.359500 2056354.639000 951802.837800 441848.879500 
1600174.057600 1407142.658800 976389.713500 284028.227800 
1017677.608400 991461.766200 158893.282900 234111.597300 
